$ANSIBLE_VAULT;1.1;AES256
32326266393139626361353764336137656139626530653039303266636362396462636334343638
6435373233653534366332643132326638613733316231370a626434396362353730646565376566
63626239323066383066653335393563346330613866653135373435336233653837613935306134
3235663564613433330a623830356139613630393165313463643261316362613137323933343233
38386533633835353736396631306364356539646435363733643036363635373665653632353534
30653035353534323861633661386537343530623837616132316635356539643064656334633930
34393736383861376461376462666164616437663233313231336437643834373031353138663132
64623333623839313465356133313363376431363635663061303866383663323137376430356633
33383638333436613633333465363035643563613462396631646462323338346134626261323066
65633939356462303638353263363263316636646536343733663538346366303438316665333861
64313034646633376232316561336232656531623630373764313438366562633335623430653631
36366235326132383762653261633438363738313464633865303661666534306636653637326430
32343363383462303065356636313465303161383730623732336533313630623463313535343262
64306337373934623539656335396631313139666564316539626438626133386464663932666161
62353065646438373531656237353663626132333164313836356130613164363164386233313230
32383639303565646561653262346632346239323233353833326634613531613761306333343438
35663765356564376539633132333965653563363331383661626530616630363264353537383961
36306565626461316633646165363662656637613939336132343036383566313234666366616364
31623332336363346630393839393662383464316665353664343439616564366130396530316366
32303061363234303038376433393330663130343638353761366366666365306564636630636431
66643665613061313138653235373337653261313933366161393334663538383861373562656366
32306162376434333830623664346666323331646131383734303330626137653431373536613536
35623031393664396231613862633265326334633365393431366534646436396637313861393436
66643930633061363333313032316362316433386234613633656539653731663432386637363265
62393930383762316239303134623130363434656364346338343262303561336461
