$ANSIBLE_VAULT;1.1;AES256
34316562313662326330613832633538343834343136653930623362393266613062396333336634
3233316536393239316434653539373661656338303064640a643333626238333731393165313634
31386239353939383431346536636162373266363465333765613766383538633865613538633639
3431343166653534350a316432633566656365333230376131386636616334363666653036323065
62303765646366633164303932646134626465626363656531323730656630333333326231656431
32616264353366616438316562363962666362376237303964636166396334386238396364393534
64646462373837333265353765643663613962303037313966383639653834376438636331383931
30326430356362636631633762376264363339323431303731653639653361356331653166666365
36393533306331356465353661643063396335313032613439633138383466393263373162376363
38316433323632383432393639326533333036353331386135313063613234383731366130613562
32633961396636663761373365613431633262366362386438323561633166303132313734313936
39333433303563663663323564636461646139313035313666636465646663383964303934373038
34363139323830396237303666636538336139656632383366333830623433633930393138373030
66353165653033313532623131326430623737303936326435346334353730666664363930373636
61353133656165333532383437366134303265663735386232383936636434383336643362633138
35623530376438633033666166396431343832393132323536333236326463653537653261386661
30616131333639323534636166656366646562663137383538353532663663626130373261356233
35306236663732363066346236316337626138623639323766343432306266626430633461323132
61626232396666646339666562663539636538356365363563653336346534313065356663633031
35353237323566303866306533666666393066313865633731663435306261373831376566656536
39303735343133643739333437363734666365343832666136383865663335323362323938366438
63633663646433373034306664666362373738306366636239656265353266663132623232363666
66386431393163633535326362383031626433646636633734623931363936306163323434393466
32356335363565396534383133613262623564373030313937336261333137633231343936646364
66346165366132396235663161613631313333366362396566323238633439386461383632313136
39353733333963623836656232623633353838393261313664303137643238383661613462316234
35343131343636643539316136386262656232663765343965333761333832633737363562376136
62626335373866333261343334663535646638396434663863623033326234636333633763336664
61376537343836613230636265313839653465373161653465646337306662623837623465376562
30633333333035396564366234383663656139663236333262313665383461653962326233366661
63663530626136666630356638646162646534653039616361316662346433313830373362313665
63316530653134613332306562303638323634383834376230613835316330633166333065353165
35623266633465393638363533326431343430633864323631353239616230356537633031633737
62616530336564636266656363633435393839636136663561306230343132636261353030366563
36383836386335616164616163656662623161666238326262323335313961383530323630316237
64653131656234663335623665653034653362633362666531623239393037373266613330343134
61366161383235666466616630653137653535323136633839646232666164636265346466353965
37663936633531386465396533383266613265656466383537653435336238636531326136303361
66393838383331346238646237353134343835383432333535613862306462346665353939393534
63313831626534343130333864313561613662353732393335646331313865666135616638656430
30363530303332366363393062656236343866633865643166666531366361323836353165646431
62373833353763353765316238333633353432386539353731366666326638656164353064633537
38633364316434363963613132323530646436643162613363626138393963383464663761656662
64346534636530303030393234626161366135636466303133313334353131306135326561623764
66653136326439316666613837333536393433633935623939386364363833323931626639393436
35353163343936333436653230306566386432303236323732373632616339383736633231653732
35353361623539663336373962336661663131616365626563366639623262356163663630633363
65363438333562643632383564373231666664363666313633646335643233663265386234623461
31346637323130363432306439306362386133326362333536316339333331613636323831633162
66316238663964623937626531303466363938613338626263353935326362303665376535353432
63613363653233663764363336363835623932376266666137376561643334653731626666343963
61383061663037636265373836383465373262653339633061643964383233306136326266643862
64353035303032656534383263323437636230393965623239666437656133326264303461656336
31653465333464383436393238303738623232396662653637643266613938336338323438366165
61366464386564366432643631653431386432626461653533373064333139373333363631356138
32623334643766343565393339653939376563353663303763363037383239313737613631633032
65386566633266393631613163663438313832643233666364343337663364646633646465653762
65313663623666613565336463396562396163623933313336383338353737343133353437353931
39336361373636633034643237306137633064623837313764353166313034336132386232376663
30386534313762396366363965366361396132646635346136386461616337303066353964383733
32336461626535366330313837663735366439306665613637393734373562623831303065666634
66313661333636353731343565303534373662383061363339366239613931643864373662653235
64366137646130356364393361613032643833356433353931396535633233623433343031646235
35663839313361616432356131636231323530346265356538643531363063323037313531313436
64653139636533383631653161316339313234396433613030623530333134633637303364366265
38663061646237366437353636393335363638393631336335333263663335356132333365353762
30646336623239333733313537656633346261353435616432396331353263616633633136656134
38613666343430323936646665313831326337343363326432336231633966363738386437343732
32353136343431646330366164656233333566663832643631356664636637656332363830643133
30363164623164656465323665396165383466373537666533626165363333393833363930653263
39303738323238323537666434643534353939313935353233616166376136383036666437653365
36303763366334386339306434363961383535303235656432313838636234643761383034333334
65333062386435313966383034313538383266613365336539616637373863353166333865376163
63336664336132393736623331306562326134376534366363366562636136383565363962386635
37383065666235366139666464383066343564653436616531616635313930396537386534333566
36653836393930646135663034616166346636366463326432656162303563306539653566313162
33646536636161613563383835626637643635366135633661656239346533376463643166393732
37653237626636326332303338343732373863386461616237633364646331306462303962333537
62663630613137613835643930646232366563643365303433643230613464393934643862333433
63373130663733646535383437386636373831306266636664383432653538646437623338306661
35393862303833383437616666393762636538343065363735373538626362303239363765326535
37653332343962343933373537636238663238643637383837373236393439336135363861633738
30653062306161626663353439313635613235363461383130636661353962396265356634336462
66343463396161643337666331633431323537333664353739646634666130353165656135353763
62616462656164663035613564313637626639373963663337623664656538363261356563613732
35643462656166363932653861636238373836376532623566336132373937373366326330663434
61623138316430323339386261356438343631363833333264356432313133656335376535636661
33353134623734356262376366633434376438376561313766373162383462383830373965376534
65313530366366613938623737636163323566373537343431383433333463353135613731366431
33393132623265373261626566313938303839643561313835376435376234613061646130653331
35393538653338333065376636636166323530363537636335323464393731303663626333393632
32393565376164353730313533303232373136313135663263396239383865393734616264326163
32333631313134666633636463363937646132663935356236633437353862343632396239376632
36346537643564376561353630303663346531653439323163306439396539626666663364366561
37663830303662656433643631616463386630366163353633383232613934353938356130316332
66326336653934326232353732636238653137613432643363613365303162323762633065353633
39336137633638316537326162303964306132363733363931613263666438643061356564396130
65383061336330366530303135623937643336376637633138353139323332383536316633346139
33313837306362636139366237376432353365313838363266353930336264393930636336396633
62303931636562363661343337326335666639343937363766353231323937393037373530343638
64366364303563366633323133643462383761613565646466326532303434623338313132393634
39643939626631393431366663353338626633363031386332313631303531626162626236336335
66313136336262356232326436373662326432333739663866353466386330656135353835653331
39396231323631623138633539383533646639343161623334383238663135356165373735643464
36623239626238336336656233616661323935336437333466323339383532613863643566376666
63626165633961343538636363373035623663343235333135633230376435323162303930343666
63396666653735303839363435633563396331636637663231323332303462323136626262393430
33653531396161363331623737626233386539313366333831313063316338396636626433343635
61343162633666303336653563303233616537656539653466623734363230616334363233656131
62363532623863666563613439653137393732636161663737346639636134623739386538643830
38313731653238636566316663326433613761356163613438666135633064343033373634663435
35333764626330643265663837366234643664396434343631316162636236623035653538313231
37636636333531626237333134353430613238373539363630626463333437653932346363646662
34326264323439646361396262313139323635393264333666623763386465333835343035623438
64623137323463336162326166303131333431303833393437613663623438666462643961643165
37356435663261363335623537613264333965643730626564376137613434386234366430313933
34393163383932343962626538623163366232333931346165643134363231366431623530633034
37316361383334393031373938353766656165613265323539306533316661353464346262333436
63636436346430323230666232633030326535396235323837393135373235336164366366366163
34386339383436373531653838653864643134366263343264313939376533313165656531633133
33333236356230363466306334336363376534646331346231613138616230313565646331303534
37636464646530326466343134336235333834636465626666323031646561383839386461666566
37646439336438356136313361653561366362396466393632356634353334613064323238386338
61323737336330333633393437393835656135393731386663653434343962373863346632313234
33326334373761313335363637666635613231626565663766616166643630383065636331626461
36666161313131623635356166343630363535393030363463626234633961626464343361323163
34316264306430373632326136633832303937643337306232656430393939393630623461326434
39643832343865343263353536313764633366383039626637353831313633626430316338613736
63333539663536613562353764636637313931366638666365386130616366326564303065643334
39373539343431633033333865303461616261616231633039303466623631613166613938323765
64393064376662383162663637643937373165633633616434623635663331363435633332333763
31303537663737633737396466353164383038353362313635333230646565306534356231623262
38633165343764346166303463636637653161353236376136663463353763313863
