$ANSIBLE_VAULT;1.1;AES256
37346661636338316362313339383961373733333162383263326434343135376638636633373661
3532366632653262613839303739303737653339303732620a383062633464633761353039396339
34323632393164656666376436643632313736653438353665313835343065616332363862333563
3632383630326138360a343061663064323338663131373934313333666338636334383030663134
61656532626134386231316462636332646131343137343161373537646132326237373130643735
35356162396464656161396537363532653362626230393264346365653361303361393464653338
34633238636161366335313034646239306437353563313734363666333034336462396263343062
39396261323935666265663635363032326565373664616136633965636166666466613138386664
61646136343261366632366333333762376132666537326634323339633730313166306338383834
38323466386163303533376438343032643037326163383562633139326131356135376465626330
33623833616665393237306336373663366433313633616130613031616336376339353239643235
39643663643330306231626638663564306231616164613037313166646238663637653462396434
38646432323065646435633637613437616264313736616432326233643636333965303963656230
66636663343564663036373531383664383130383730643361653263313235616666316332343864
32613234303530653362616531613234383766643434616563353636646437623235663565303237
66383339333436616233623963313863366437343562353762336461346361383436313635663566
66633864383432336539353839663362306266313661666438336563386166383836386266373533
30643233653266336537346561336531333436366233643732626662363531636263656334353439
32333430346631306562386664653836303462363166666231313237386639366132313063343963
35633564323362356432623635623961623430363633646235613737353065336636396130366232
66643738383332653666313434343030383838373136313235393865616665353731386137623938
31376464626661373261303832396431306663396338313132333833623833373839333661646232
36333336343161313532386132653136346231323037303930626531383039333134323235653430
33656462376539333537363039386137646363353831303061656537333339386131643161623161
35353930626462366637616235333063386262613237326162356361353365343862626662646233
66373664306231633461366430376632636632623437383131383238613136313234306666353963
66616230306532383633383534363138663531343734343462363039633236353735636534363862
64373139303231313563366337323235373734656336623739633965373237373838343831306466
36623839633138623537666333343231343231653162633537626566633230383336623966633432
30373139393934326535373164616462613332376237643262303133356431343065356138383234
65323535376261376335623061643937366337633836636664313230346562656537303361636334
65393064333264346162363335316637323534366564653165626432623335623433633366393465
38336336626166386635326638356334613066386234393565646364663666613163633866646537
37363066373264653964356664663938633237323062646433626634613762353234383666623536
61373636333335356533646237333264336638613434343231323339636336356333626365396562
32373839656531396431313234373932626137616638353136336233653534363938333835656661
36666663653665343563663436333938306235623030353133323534323230383564393166313562
30663266656266363734393339633661646438633736346434356661303063313735623764353433
61346433613266386539666531326431623662313264626237346230323264653062656438393433
33643836316633363165363531626335396632346266336363653132663634613039343366383730
64343933633036373535356561303133316266656139333966653735383036616339646630623230
37613733623335643934383439386364356639623061613038663961633632643137326262333936
65623062373363633836336364313430656234613236393735643062326439363635373634653632
65616531346363633962343037616635623739323738326631393535643137393361376134353637
32626162356436663937323965636261353734643734356536656433303139373531626663343938
63646366323932326666376330353663333666393537343834376265343836373731303061333663
66396563343464653134333531613561663632653938383633386565363031626535353762346339
64313333653962336538373231383163663831336436333962333338653633363363343738363435
66363564323936666630363438396564373531363265656563323366666438303265376639306634
39366432666664643566316230303565363364333231303465303931373334666335316138393237
63303338613062663031653930386633636337613936353035653737613734343531316166623035
66346338336135656131646430653430376132633062346139666264663166393765663935626461
35356561636533326664333538306236376466333066386432396632643961666230353962613537
31313764353134666130303431383062303738613866356639313765623165353137656634656264
64666462613437363337336666323038333931353763396536626439343038323730646362353533
65323039333938306432653533653434303964646463313064373235316537396530316333626330
61306134313766633635336336393234343239663536373739613732613731373665376136656432
36643638643732393735383433666531356665386532623630393236663366376362323434343664
35366364643032316132356666346565363465656632653738616666303636636436636164393161
62656166393662623139396435623338333135356231623631373333376563666338336530623934
37313030346130326138646666663265313834346136653262353731326363313661666662656538
35316164303365663264613039626436346239323363633466383533316662666531623138363866
33306365353765623534326338356665313733323132616461643232626232353237666430663866
30666662336165393338653031653161386364613532333238373836353939386436666235376538
61313965333932396536393031616434313739343162323032363037336163393838613035336339
37646465656537326539636434633533303136396666356339633033366164633561343631336639
62646665643461346336623166663131343738646632326561613438646631366435666332343130
31326239666263356237633165633938323532376439313630376565623032383238386436613734
30663661326663623536323631336237373465613133306531363334663463383536313034386663
66313439353138366137366164656533663663646130323366633534366335383661393738383432
31316561343662303835346234666438386632656430383063343738626130623465303536306563
38383932333065303731373839386632636230376230633534613731623430356632353938363166
36323365356633663730386131656433366632623930303935343330613939636333656434313134
36313036393263663164323764663435616163393465653564306531376663356337333866633461
37353562386464643462323963306532373832336534643530306633313933343432323538323436
33343631666262383030303438623664643762303163316239336236626431316132626634623464
32363662383561613062616533393964636635303535336165326561646465303565383563623134
62626537383530656635373630326366306264633432323730663362643165316135653632663161
66306663653733653432353631623037653663643533346636383337343539346534346366353334
39396365363762306130353734346636623166303836333266623261313334643634353566643062
36306561613835343038383866343062363732356236303265323832633635393765663761346661
35663638336133346434306437326234663235386238366464383332306330626537386235306166
35613064383239323733386635663963643235353231366365663735656364393039666263393434
65353233333435633963636135656234376364353533363536653463376565333336346663663033
64656631313464363831666331626465326265346463323833623933353230333262393037383435
38323736373961633565633164363235323865663931346332323463303665306438666639633762
63316238393766386131356432353435663635323232356661373934316331303435316434303765
32653966356433613337663735336535376337343566343139616635666336356666653835623437
31643534386335656430353564656131643964653764363262653164393933343739303630653336
61306232303065373438363730613232303366353136626666666636303764363037363233663034
39626431343165383134393461333138363036646232326165306335386134316432313466356362
64363264373233313738373965646531616263386364303131643735336363333665373630353566
33323964323638306664393536653738316437346134656433646664653363356638313839633963
32623062653936653035616564303731643438626665633130353661613464393664333439376663
32343763643661303131656637646466396436333932643536353961333437333930313266656239
33383962363537336137646539326263383961303662316334633862653630653632323339373164
63383933393434666461303634323363303332303763373535663962616361333935656461353364
38336638626563383231396434356362323263353861313461373338323263653731356364626333
37383963623937626261613636333932386264396435323633323432623137363032393938646562
31383665653230373438613038396335303665623038636365353863383464313335613565353836
63373331303034363035383366353163343066643030656138633537633336626264386466313563
35326138656161643832373033393338613364636335613731663738623963383436326130386162
61386537393830333965666666356537616334323833393334303163343063653761343339306133
34376533333235383764373339396662356433613961343730376239636461373665663961316236
61346565653633306561313062303733326533653733353730343261306534306262303263333065
65653238613039636336643231336662643530383031393435313166613935613963643539633736
34623839663135623131346666383331386637613466366663316136666266306164333236373364
39653963643161626338383730386238643730316335313937616330373765346631306665313039
32306435393565323562663231333963656237383037386334306430353136346634313437343834
65333964636461626131396564313366333536613466633237613135373239373334353266373562
63366132316462316134666337393832346635353062626263656132636264373238373561633665
36633565366263376631336136353164613436643433316238366166633738643139373132623731
34376438623432333532666436376536306263666564396535303539656138323032343730613065
36366266303663323562333766393733626137333936626335346535663166333265623930383031
32636166633430353636383538623438303630346534363732613938653634333865613638393935
33306532623261656334633237623765346265316336393962396663303432343961623366393334
61616566313461323964313737316634343762633135383966373739633238363566663436366232
63303963333638623837346633613032353865663336653638393761393061313865396237316633
66303265396332356134313936656434666565653539636636376635653438643737313031616134
66613935643636633232363336643064323464643566616465663437313236653033633636353564
38313239366234666366363264326365386437376632343063343365346133643664333330373534
62376437643261623134343465636262386537396230623839363432613265663736303638383037
65363066353761616464363335316265356537396235623864323732623335363737306466653766
39333763336430373738353664366662303339363066323839326237363364663632666333363130
37306633303335623439336438346633373861353436383536383666343365303830306436366332
38313331343662333831666538316363326663313635393564343761343735353138366265656263
65646164623639316135393936343430613531316434333337666137656133636466376538363961
66623164373839653762353137653634323538373561376339626639663661343639653334343231
63663233326235626638366461333234643064373131323566326636376636666639353338326134
36653762363431393631343133346639316263336531323837646431353161323037306661316135
30356539346164306431326566613531356233343735356332643466626239363736666335393464
39356434643838613338653166616331363364653864366564616537393164383032626161383639
36663434646163613062666334626438613338383034376464373132626266326637623661666264
3464376134313031393433356265373533633361623063303837
