$ANSIBLE_VAULT;1.1;AES256
61353436616666646665336435333363363965313432363638636336376462316236333138303435
3564383731323335643037623537316636653738383061350a666331383139373761326661363232
65323037613833396561383363646165303763363039613839653839633234323131396265656364
3164663331656264340a356463633835373834316663643133353364313731353036663035636166
37393835353163343763653665363131373765383265333263323466306533383362383164663039
63633837363139323934623633353834326637393762386132383065366330333763373632366234
36333733363066306538633263646365653762303036653863366239633136323563626630336335
39323961623834386334313935316364613131633139313432383762643834313562653138393132
34616230636335663538663734343335386461353637663666633766333636326461656162373964
32336264366235643165383966383365336631343562343664303262363337366538353764396230
65663831636630313764616635643133316435366233623763346337346431623663353030393161
37326133616235346338386430666362346436613537343232373838656434323265343563396135
66623939336536633735313333326663336664393637626638346238396361373766393439323238
37326361623233383434663864363461343933663066613464346631663563643130663466326664
38613532636664353134316536666634373961306363303961613539613165353664333161613038
30666531383338653963323231666632376639353364333134353865356634326236383333373433
33323338663433653263636464376631346431626166633437353836613835663739346634356665
37343030343561386561333038396631346139643265386639653235363539653830313761373864
64343437633162343239303430363862616163363735666138353330653462393565643266323338
30653638626231363639366536356435393361656564636162316533376665356236653432623362
35333434313738323234383662303765343432363563373833616363643463663535383864613638
34633066643361643538653436613366303333383830653638363936343962323233656164636633
61393534663562353935386130633461393734636339343664373164656364333663366166363161
34636165313431613336373761626361326638643632616433343938323938353166323965383934
35646638626361316639613466336238363133633532663761653733303030393432323230396238
65656338633431343364666438316439313439316434373334313861356430363234333962653639
61633265613737666662633666623362643763623862376665633634393766363862656331373133
38636639653931613436646562666630303362363861323835626366383838653530393732373439
63343139623439303539346134366431353338323734303233666632323531336665306235623136
65373336643936386562323762313233343661353930626561333339663263386235633663376637
31633563616262633162643930376662333630616436656234383162353339623830356538656463
62626563313630643235373564313139346563353866303561636233623765656464376631356366
32653937656361643064616533373365623538306635346534346637343063363833663663363133
33316536656633346662393533313033623739366235366561656339303065393364626666623337
65633065373737613332376432616161636664373639376331346433376261363563346564336531
35396139346463363835336564373030613064356137376466373031353534356631613230343933
35343839313231363634306535326236343763663665646266346236356538356265376436326163
63613061383738386236343637306436346566313530666139663932316466386230393736636235
65653539383364363035386165366563343538383732326135643535393737323030376165613730
66633030363832336636303265303162626137613666343265376431613036333337363539396164
32373138616165356636636566656539396264643030396661353265653831666535353136633635
37323836666461336463623765343761363236343538623337363465343733393961336539626634
30636363643130366532323863323333663336663930306363303762653633396335653434653464
62353362323065386137383830333961353239336463613235333835313162626334303262336363
66626564383639383532656234336434623736613230353834373933623633616330643362656162
35613833363030623261356336366634613932333761646632333232333338643837373066633835
64613566303631313133363937643432653764633763643739323632363132643564383765663830
36323535363530636463306636616264663235616532313236633837663136316538316363316136
62306339356262333030373833386362323063336635353530376631643838623565353930666563
64646564343566353639396366646438386635316138336462616633636535343965373837383066
63633432663737373862656638316561366336363335656165366339363162303764623639303534
35653930333133333365336134623237623764623631383633373666366263383865393461656364
39366437353533616236613937613932323837643666636632336238383966333839666563316565
65356464373764383732383261373365633738316135396334303533336437616136653532326330
32303664633763653235353134663231303539323937653361306139363439616633313864653737
62306330646130643666366237363634333761643335393039663735633236323836356232346231
64633934663466653863656130613035623766393036343666313066303931653837303339353262
62326162656430663566333964333963373064326637636339313330366165643362633638626162
39336432363639646366393262623563393137356466636538396234323462366665323066313538
32653365326564316462323031386136316333303531656461646131313437666135663863363861
62656138346465643865613132373964323364633138333638613633613862643865623234343638
66356338313164353063323264386133643564653464393061343932653930653231653434393261
66383839336635313862623332343033353632633937646139353832313835386332613532303163
65643166343066313634393765656132666662663336623035306366353963363231656366613839
32633037316534303132393566343533653938363865346665646534313235633662363637363966
63366166326533353432343433613661343636623464393336396439306366396561663463386564
66373632613737393164326535383361646432633164653830343364386637336236626636376137
35656362393836383430373639316131313863353438306633363163666135393866646261643538
66356435313862313536616337376664623538376432313665666363326261346239643231323836
31663634333232323534333231333037656538346562316235306430306439313165393538306266
64643966656137623239383238616333393439346162373538663336643131383038633162366438
61336136363330643939666439373334303236646464383937313962633438386135303963316336
66383364666162366135353232326363303336663762303331613131383838313266323235376164
64323131646231393734313261303565646463343532633037373435363763376664653461633732
35653164306635653039333735393165633039643663333038313233363862363838636561636436
39666361393564623837613165303164336664636635663563313863386335643934616464656135
33343566393136346535626461333865396462613239313662363133373839353736326436383066
35396462346461666461333265633730363661313736623032386532653530623865323430646131
66333830356239613035363664326234326539626130303238366262666232316464666462643961
32356563346461323433333932356537323164313261363234353238663437346161623838626334
33623466303739316164663962613039643430643534326235643132646334613834353734396335
38313438313563353066646139303731646238666233623161396165346631393934313332343935
39376131303333666265666361633234336630316334613663656639663264346338386563666631
30366633366136386637643035353664353865396237396532636332633065663030343466393631
65343339373531333736326363626562663764366530663230643864663566323932383635643738
35383738383236303163353736366439633237376633366633613136666638623436393038326130
63643631643231383539343866326539333732353131343663393037353338643236326233313935
38306539653066636535373937383831373966633737643036353533343465363037336636353230
64366337323130333163363633366263363139393730656564343339653730633034366165363137
61306166303830313364643261643166373462656563356431336130353737376237666263393364
62613431333335613461623434376465323463653330653536386334646634343665643235353332
64626231613531386530623030646633663538663162383665636335316133363336343336343263
30386562306630653635616464353733386638663333393333643837623034343464376232323234
61376432623732323032323261626430643532333339656135333538653839353532653736366532
63346164363034376639666266396531333431353439376436383238323961353462396138666531
31356331356164623036663833643465633033363832656436653032326531336264663232616134
34363266343266346438393433633866363539316363373734386430333063626662333532386535
64613865623364396161616364313736376131313632613937333132353933373064373562303062
34303531656662333331663436643937623938623866343639623637646265666335373033336531
39346130346663373931333364363165336266343030303633356363333132393833653838323765
62363266633264623832376164643534336537313937366337623862623430643863663266633334
32663837333338313434376539303164303362386666336463653666353838373336356365633139
65333866393166653834323966663936666430393662393666613838343439313132373937653435
30613037353738323031303334383030636563346637393439366162633164613938363334333033
33353338346237643164353733316637306262343635633630613636663865366662663532343262
30643035323634356533613936646530323737373666656336353463313333666662613262323930
35306335643762393735386137626635636664663865353865303836623736653139386664353835
38323566643635383962373961616236616132353834346266636637376234663232306432616466
62333365383438623634663061356538626637373338396230326664353033626365303830363164
65343261643537383034303038613532653037326438373462636466653163393136336166313039
37346636323061366462643463376265613937626435613530343831663739633438666234643963
65306162633634653063643731306463633563323536353138393664316634343437356335393336
39316365316136373265356535313861373334393065356261383239313765396331366264626434
36643736636332646638356566323862666537616366343037623839383338633563343135363864
30323462356439306639636539633136623634306431646432633335323538366135383133393865
64323732393135613664363965396262363262353337333736353562623130373535653432623932
35366134616337613732333234386336623235333533316166303839616238366338343462373331
32626439363331353633363637623239303863323663336463326564316134613735316164626562
33623763636339393033343535353230656139363163343235386565633634373832333165653663
38616161316164353266373664643861646634643837663533353435643138373230316166353263
31323864336431343166653339613136393562363238373261333130303763643866646562646332
33653136316466303463313461313466333963333632666364373263643233343366393337636333
35626232333035396161333630323937346136336231373163386531343430376434313031653035
36666361363162653432646234373636376164303838613762396239656366326263386232363465
36316261323733303334363764643138333736383862323030323766343038396162643666646633
30633830373462383836323430633839653065663566333162623061626564636262613433303464
39623466316565336361636339396166366262663665346165353731643235643436363637633431
61373034633961656466623366376465363366653736643833633937323230396437666663613239
36303962636139383839613139343162366432353361343730313139316665326330613962336535
61333362333966613438356262353531353961346338306632333433323162356435613837623435
65363663373663303064653331383534326332663533313233633335343434616237303138623762
64656631643934623839353537626261303233336330653039636532633037623833326263653536
66316162376262623335663337333735646564626663636432643365366334623334
